# Caso generado aleatoriamente  n=30  k=4  b=5  D=50.0  seed=1
# Coordenadas: A1=(13.4,84.7)  A2=(76.4,25.5)  A3=(49.5,44.9)  A4=(65.2,78.9)  A5=(9.4,2.8)  A6=(83.6,43.3)  A7=(76.2,0.2)  A8=(44.5,72.2)  A9=(22.9,94.5)  A10=(90.1,3.1)  A11=(2.5,54.1)  A12=(93.9,38.1)  A13=(21.7,42.2)  A14=(2.9,22.2)  A15=(43.8,49.6)  A16=(23.3,23.1)  A17=(21.9,46.0)  A18=(29.0,2.1)  A19=(83.8,55.6)  A20=(64.2,18.6)  A21=(99.3,86.0)  A22=(12.1,33.3)  A23=(72.1,71.1)  A24=(93.6,42.2)  A25=(83.0,67.0)  A26=(30.3,58.8)  A27=(88.2,84.6)  A28=(50.5,58.9)  A29=(3.5,24.3)  A30=(79.7,41.4)

D = 50.0
k = 4
b = 5

distancias = [
    [0, 86.43, 53.73, 52.06, 82.01, 81.48, 105.3, 33.55, 13.6, 112.05, 32.48, 93.01, 43.32, 63.45, 46.45, 62.44, 39.69, 84.04, 76.1, 83.4, 85.83, 51.49, 60.27, 90.79, 71.79, 31.0, 74.81, 45.21, 61.29, 79.2],
    [86.43, 0, 33.14, 54.53, 70.72, 19.17, 25.3, 56.48, 87.33, 26.33, 79.19, 21.6, 57.21, 73.55, 40.52, 53.12, 58.21, 52.84, 31.03, 13.98, 64.67, 64.76, 45.81, 24.02, 42.05, 56.79, 60.29, 42.23, 72.94, 16.28],
    [53.73, 33.14, 0, 37.34, 58.19, 34.07, 52.09, 27.66, 56.29, 58.34, 47.89, 44.89, 28.02, 51.91, 7.39, 34.15, 27.68, 47.48, 35.85, 30.17, 64.47, 39.23, 34.58, 44.19, 40.09, 23.66, 55.42, 13.99, 50.52, 30.4],
    [52.06, 54.53, 37.34, 0, 94.3, 40.08, 79.44, 21.69, 45.09, 79.82, 67.32, 49.88, 56.89, 84.21, 36.26, 69.74, 54.37, 84.83, 29.76, 60.29, 34.83, 69.97, 10.44, 46.43, 21.42, 40.21, 23.79, 24.76, 82.39, 40.18],
    [82.01, 70.72, 58.19, 94.3, 0, 84.5, 66.89, 77.72, 92.68, 80.76, 51.76, 91.6, 41.25, 20.39, 58.04, 24.58, 44.9, 19.6, 91.21, 57.06, 122.44, 30.55, 92.75, 93.0, 97.68, 59.72, 113.61, 69.54, 22.25, 80.25],
    [81.48, 19.17, 34.07, 40.08, 84.5, 0, 43.69, 48.56, 79.44, 40.75, 81.76, 11.55, 61.93, 83.39, 40.28, 63.56, 61.76, 68.36, 12.37, 31.36, 45.5, 72.18, 30.1, 10.12, 23.76, 55.44, 41.61, 36.56, 82.35, 4.26],
    [105.3, 25.3, 52.09, 79.44, 66.89, 43.69, 0, 78.61, 108.36, 14.2, 91.31, 41.83, 68.86, 76.54, 59.07, 57.65, 71.04, 47.29, 55.94, 21.95, 88.82, 72.16, 71.03, 45.47, 67.16, 74.39, 85.26, 64.07, 76.65, 41.37],
    [33.55, 56.48, 27.66, 21.69, 77.72, 48.56, 78.61, 0, 31.14, 82.79, 45.69, 59.97, 37.68, 65.05, 22.59, 53.46, 34.64, 71.71, 42.55, 57.07, 56.44, 50.65, 27.63, 57.51, 38.8, 19.52, 45.45, 14.54, 63.09, 46.72],
    [13.6, 87.33, 56.29, 45.09, 92.68, 79.44, 108.36, 31.14, 0, 113.54, 45.21, 90.71, 52.33, 75.06, 49.57, 71.44, 48.58, 92.58, 72.24, 86.47, 76.85, 62.2, 54.55, 88.01, 66.12, 36.54, 66.12, 45.1, 72.89, 77.8],
    [112.05, 26.33, 58.34, 79.82, 80.76, 40.75, 14.2, 82.79, 113.54, 0, 101.4, 35.26, 78.88, 89.31, 65.67, 69.77, 80.63, 61.17, 52.97, 30.21, 83.43, 83.7, 70.4, 39.31, 64.37, 81.73, 81.58, 68.47, 89.25, 39.76],
    [32.48, 79.19, 47.89, 67.32, 51.76, 81.76, 91.31, 45.69, 45.21, 101.4, 0, 92.76, 22.53, 31.97, 41.5, 37.36, 20.99, 58.33, 81.23, 71.2, 101.82, 22.95, 71.64, 91.88, 81.48, 28.17, 90.96, 48.22, 29.88, 78.24],
    [93.01, 21.6, 44.89, 49.88, 91.6, 11.55, 41.83, 59.97, 90.71, 35.26, 92.76, 0, 72.37, 92.4, 51.42, 72.19, 72.46, 74.23, 20.26, 35.53, 48.17, 81.97, 39.53, 4.1, 30.9, 66.84, 46.84, 48.11, 91.52, 14.56],
    [43.32, 57.21, 28.02, 56.89, 41.25, 61.93, 68.86, 37.68, 52.33, 78.88, 22.53, 72.37, 0, 27.45, 23.32, 19.2, 3.76, 40.73, 63.53, 48.68, 89.09, 13.1, 58.18, 71.98, 66.17, 18.68, 78.95, 33.35, 25.56, 58.09],
    [63.45, 73.55, 51.91, 84.21, 20.39, 83.39, 76.54, 65.05, 75.06, 89.31, 31.97, 92.4, 27.45, 0, 49.22, 20.42, 30.43, 32.87, 87.51, 61.43, 115.57, 14.41, 84.8, 92.93, 91.81, 45.73, 105.75, 60.14, 2.18, 79.21],
    [46.45, 40.52, 7.39, 36.26, 58.04, 40.28, 59.07, 22.59, 49.57, 65.67, 41.5, 51.42, 23.32, 49.22, 0, 33.49, 22.21, 49.69, 40.43, 37.12, 66.35, 35.65, 35.61, 50.4, 42.92, 16.28, 56.61, 11.5, 47.62, 36.86],
    [62.44, 53.12, 34.15, 69.74, 24.58, 63.56, 57.65, 53.46, 71.44, 69.77, 37.36, 72.19, 19.2, 20.42, 33.49, 0, 22.92, 21.69, 68.66, 41.17, 98.62, 15.15, 68.5, 72.89, 74.13, 36.36, 89.46, 44.98, 19.89, 59.34],
    [39.69, 58.21, 27.68, 54.37, 44.9, 61.76, 71.04, 34.64, 48.58, 80.63, 20.99, 72.46, 3.76, 30.43, 22.21, 22.92, 0, 44.38, 62.63, 50.43, 87.12, 16.03, 56.21, 71.86, 64.66, 15.34, 76.81, 31.44, 28.46, 58.04],
    [84.04, 52.84, 47.48, 84.83, 19.6, 68.36, 47.29, 71.71, 92.58, 61.17, 58.33, 74.23, 40.73, 32.87, 49.69, 21.69, 44.38, 0, 76.57, 38.9, 109.4, 35.41, 81.37, 76.07, 84.43, 56.63, 101.56, 60.71, 33.78, 64.19],
    [76.1, 31.03, 35.85, 29.76, 91.21, 12.37, 55.94, 42.55, 72.24, 52.97, 81.23, 20.26, 63.53, 87.51, 40.43, 68.66, 62.63, 76.57, 0, 41.89, 34.08, 75.08, 19.34, 16.68, 11.41, 53.51, 29.32, 33.39, 86.22, 14.77],
    [83.4, 13.98, 30.17, 60.29, 57.06, 31.36, 21.95, 57.07, 86.47, 30.21, 71.2, 35.53, 48.68, 61.43, 37.12, 41.17, 50.43, 38.9, 41.89, 0, 75.96, 54.17, 53.12, 37.72, 51.95, 52.56, 70.26, 42.57, 61.04, 27.61],
    [85.83, 64.67, 64.47, 34.83, 122.44, 45.5, 88.82, 56.44, 76.85, 83.43, 101.82, 48.17, 89.09, 115.57, 66.35, 98.62, 87.12, 109.4, 34.08, 75.96, 0, 101.87, 30.92, 44.14, 24.97, 74.1, 11.09, 55.75, 113.96, 48.65],
    [51.49, 64.76, 39.23, 69.97, 30.55, 72.18, 72.16, 50.65, 62.2, 83.7, 22.95, 81.97, 13.1, 14.41, 35.65, 15.15, 16.03, 35.41, 75.08, 54.17, 101.87, 0, 70.99, 82.04, 78.54, 31.35, 91.85, 46.2, 12.47, 68.14],
    [60.27, 45.81, 34.58, 10.44, 92.75, 30.1, 71.03, 27.63, 54.55, 70.4, 71.64, 39.53, 58.18, 84.8, 35.61, 68.5, 56.21, 81.37, 19.34, 53.12, 30.92, 70.99, 0, 36.02, 11.6, 43.6, 21.01, 24.83, 83.15, 30.64],
    [90.79, 24.02, 44.19, 46.43, 93.0, 10.12, 45.47, 57.51, 88.01, 39.31, 91.88, 4.1, 71.98, 92.93, 50.4, 72.89, 71.86, 76.07, 16.68, 37.72, 44.14, 82.04, 36.02, 0, 27.0, 65.43, 42.75, 46.23, 91.96, 13.93],
    [71.79, 42.05, 40.09, 21.42, 97.68, 23.76, 67.16, 38.8, 66.12, 64.37, 81.48, 30.9, 66.17, 91.81, 42.92, 74.13, 64.66, 84.43, 11.41, 51.95, 24.97, 78.54, 11.6, 27.0, 0, 53.31, 18.35, 33.48, 90.31, 25.81],
    [31.0, 56.79, 23.66, 40.21, 59.72, 55.44, 74.39, 19.52, 36.54, 81.73, 28.17, 66.84, 18.68, 45.73, 16.28, 36.36, 15.34, 56.63, 53.51, 52.56, 74.1, 31.35, 43.6, 65.43, 53.31, 0, 63.42, 20.19, 43.73, 52.35],
    [74.81, 60.29, 55.42, 23.79, 113.61, 41.61, 85.26, 45.45, 66.12, 81.58, 90.96, 46.84, 78.95, 105.75, 56.61, 89.46, 76.81, 101.56, 29.32, 70.26, 11.09, 91.85, 21.01, 42.75, 18.35, 63.42, 0, 45.65, 104.08, 44.02],
    [45.21, 42.23, 13.99, 24.76, 69.54, 36.56, 64.07, 14.54, 45.1, 68.47, 48.22, 48.11, 33.35, 60.14, 11.5, 44.98, 31.44, 60.71, 33.39, 42.57, 55.75, 46.2, 24.83, 46.23, 33.48, 20.19, 45.65, 0, 58.44, 34.04],
    [61.29, 72.94, 50.52, 82.39, 22.25, 82.35, 76.65, 63.09, 72.89, 89.25, 29.88, 91.52, 25.56, 2.18, 47.62, 19.89, 28.46, 33.78, 86.22, 61.04, 113.96, 12.47, 83.15, 91.96, 90.31, 43.73, 104.08, 58.44, 0, 78.19],
    [79.2, 16.28, 30.4, 40.18, 80.25, 4.26, 41.37, 46.72, 77.8, 39.76, 78.24, 14.56, 58.09, 79.21, 36.86, 59.34, 58.04, 64.19, 14.77, 27.61, 48.65, 68.14, 30.64, 13.93, 25.81, 52.35, 44.02, 34.04, 78.19, 0],
]
