# Caso generado aleatoriamente  n=20  k=1  b=1  D=30.0  seed=10
# Coordenadas: A1=(57.1,42.9)  A2=(57.8,20.6)  A3=(81.3,82.4)  A4=(65.3,16.0)  A5=(52.1,32.8)  A6=(25.0,95.3)  A7=(99.7,4.5)  A8=(86.0,60.3)  A9=(38.2,28.4)  A10=(67.5,45.7)  A11=(68.6,66.2)  A12=(13.3,76.8)  A13=(98.2,96.9)  A14=(61.3,4.4)  A15=(0.4,13.4)  A16=(94.1,30.3)  A17=(36.6,89.8)  A18=(31.4,54.9)  A19=(43.6,6.5)  A20=(58.5,84.4)
# ADVERTENCIA: la antena con menos vecinos tiene 0 (necesita k=1).
# Probablemente no tenga solución. Aumentá D o reducí k.

D = 30.0
k = 1
b = 1

distancias = [
    [0, 22.29, 46.29, 28.09, 11.31, 61.47, 57.31, 33.73, 23.9, 10.73, 25.96, 55.42, 67.9, 38.69, 63.94, 39.05, 51.22, 28.37, 38.83, 41.54],
    [22.29, 0, 66.08, 8.82, 13.45, 81.56, 44.86, 48.71, 21.12, 26.88, 46.83, 71.67, 86.38, 16.56, 57.85, 37.56, 72.38, 43.26, 20.02, 63.8],
    [46.29, 66.08, 0, 68.23, 57.57, 57.8, 80.03, 22.53, 69.13, 39.2, 20.59, 68.26, 22.33, 80.46, 106.32, 53.62, 45.34, 56.95, 84.72, 22.97],
    [28.09, 8.82, 68.23, 0, 21.38, 88.94, 36.21, 48.88, 29.86, 29.74, 50.27, 80.01, 87.35, 12.27, 64.99, 32.1, 79.19, 51.59, 23.74, 68.73],
    [11.31, 13.45, 57.57, 21.38, 0, 68.11, 55.38, 43.72, 14.59, 20.12, 37.27, 58.65, 79.05, 29.83, 55.18, 42.11, 59.1, 30.25, 27.61, 52.02],
    [61.47, 81.56, 57.8, 88.94, 68.11, 0, 117.57, 70.32, 68.2, 65.31, 52.41, 21.89, 73.26, 97.85, 85.5, 94.86, 12.84, 40.89, 90.71, 35.18],
    [57.31, 44.86, 80.03, 36.21, 55.38, 117.57, 0, 57.5, 65.98, 52.29, 69.11, 112.65, 92.49, 38.32, 99.65, 26.42, 106.12, 84.84, 56.09, 89.94],
    [33.73, 48.71, 22.53, 48.88, 43.72, 70.32, 57.5, 0, 57.54, 23.6, 18.39, 74.56, 38.61, 61.1, 97.63, 31.1, 57.54, 54.85, 68.52, 36.6],
    [23.9, 21.12, 69.13, 29.86, 14.59, 68.2, 65.98, 57.54, 0, 34.07, 48.54, 54.43, 91.17, 33.31, 40.61, 55.97, 61.48, 27.38, 22.53, 59.61],
    [10.73, 26.88, 39.2, 29.74, 20.12, 65.31, 52.29, 23.6, 34.07, 0, 20.53, 62.49, 59.77, 41.71, 74.46, 30.74, 53.87, 37.22, 45.89, 39.77],
    [25.96, 46.83, 20.59, 50.27, 37.27, 52.41, 69.11, 18.39, 48.54, 20.53, 0, 56.3, 42.72, 62.18, 86.23, 44.04, 39.76, 38.83, 64.7, 20.85],
    [55.42, 71.67, 68.26, 80.01, 58.65, 21.89, 112.65, 74.56, 54.43, 62.49, 56.3, 0, 87.3, 86.85, 64.68, 93.23, 26.71, 28.43, 76.54, 45.8],
    [67.9, 86.38, 22.33, 87.35, 79.05, 73.26, 92.49, 38.61, 91.17, 59.77, 42.72, 87.3, 0, 99.6, 128.65, 66.78, 62.04, 78.93, 105.66, 41.71],
    [38.69, 16.56, 80.46, 12.27, 29.83, 97.85, 38.32, 61.1, 33.31, 41.71, 62.18, 86.85, 99.6, 0, 61.58, 41.74, 88.9, 58.66, 17.85, 80.03],
    [63.94, 57.85, 106.32, 64.99, 55.18, 85.5, 99.65, 97.63, 40.61, 74.46, 86.23, 64.68, 128.65, 61.58, 0, 95.2, 84.57, 51.82, 43.74, 91.72],
    [39.05, 37.56, 53.62, 32.1, 42.11, 94.86, 26.42, 31.1, 55.97, 30.74, 44.04, 93.23, 66.78, 41.74, 95.2, 0, 82.76, 67.32, 55.82, 64.8],
    [51.22, 72.38, 45.34, 79.19, 59.1, 12.84, 106.12, 57.54, 61.48, 53.87, 39.76, 26.71, 62.04, 88.9, 84.57, 82.76, 0, 35.3, 83.61, 22.5],
    [28.37, 43.26, 56.95, 51.59, 30.25, 40.89, 84.84, 54.85, 27.38, 37.22, 38.83, 28.43, 78.93, 58.66, 51.82, 67.32, 35.3, 0, 49.9, 40.01],
    [38.83, 20.02, 84.72, 23.74, 27.61, 90.71, 56.09, 68.52, 22.53, 45.89, 64.7, 76.54, 105.66, 17.85, 43.74, 55.82, 83.61, 49.9, 0, 79.31],
    [41.54, 63.8, 22.97, 68.73, 52.02, 35.18, 89.94, 36.6, 59.61, 39.77, 20.85, 45.8, 41.71, 80.03, 91.72, 64.8, 22.5, 40.01, 79.31, 0],
]
