# Caso generado aleatoriamente  n=15  k=2  b=3  D=35.0  seed=99
# Coordenadas: A1=(40.4,20.0)  A2=(17.9,24.8)  A3=(76.0,25.1)  A4=(38.3,68.4)  A5=(53.9,93.8)  A6=(48.9,42.2)  A7=(61.3,21.7)  A8=(90.2,37.4)  A9=(38.8,68.2)  A10=(15.2,66.1)  A11=(85.0,33.9)  A12=(94.7,52.9)  A13=(77.4,46.9)  A14=(40.3,26.9)  A15=(0.8,20.4)
# ADVERTENCIA: la antena con menos vecinos tiene 1 (necesita k=2).
# Probablemente no tenga solución. Aumentá D o reducí k.

D = 35.0
k = 2
b = 3

distancias = [
    [0, 23.03, 35.95, 48.47, 75.05, 23.74, 20.99, 52.75, 48.26, 52.48, 46.71, 63.46, 45.78, 6.93, 39.64],
    [23.03, 0, 58.11, 48.14, 77.81, 35.55, 43.56, 73.4, 48.18, 41.3, 67.72, 81.76, 63.52, 22.48, 17.69],
    [35.95, 58.11, 0, 57.41, 72.2, 31.98, 15.07, 18.78, 56.93, 73.27, 12.57, 33.47, 21.84, 35.77, 75.37],
    [48.47, 48.14, 57.41, 0, 29.79, 28.33, 52.12, 60.46, 0.54, 23.2, 58.08, 58.49, 44.67, 41.54, 60.98],
    [75.05, 77.81, 72.2, 29.79, 0, 51.91, 72.55, 67.13, 29.7, 47.59, 67.56, 57.83, 52.53, 68.27, 90.64],
    [23.74, 35.55, 31.98, 28.33, 51.91, 0, 23.95, 41.55, 27.97, 41.31, 37.01, 46.99, 28.91, 17.52, 52.86],
    [20.99, 43.56, 15.07, 52.12, 72.55, 23.95, 0, 32.88, 51.72, 63.99, 26.64, 45.68, 29.95, 21.71, 60.57],
    [52.75, 73.4, 18.78, 60.46, 67.13, 41.55, 32.88, 0, 59.93, 80.26, 6.28, 16.11, 15.91, 51.02, 91.04],
    [48.26, 48.18, 56.93, 0.54, 29.7, 27.97, 51.72, 59.93, 0, 23.68, 57.56, 57.95, 44.13, 41.32, 61.14],
    [52.48, 41.3, 73.27, 23.2, 47.59, 41.31, 63.99, 80.26, 23.68, 0, 76.83, 80.54, 65.1, 46.44, 47.92],
    [46.71, 67.72, 12.57, 58.08, 67.56, 37.01, 26.64, 6.28, 57.56, 76.83, 0, 21.32, 15.05, 45.27, 85.31],
    [63.46, 81.76, 33.47, 58.49, 57.83, 46.99, 45.68, 16.11, 57.95, 80.54, 21.32, 0, 18.24, 60.29, 99.39],
    [45.78, 63.52, 21.84, 44.67, 52.53, 28.91, 29.95, 15.91, 44.13, 65.1, 15.05, 18.24, 0, 42.21, 81.14],
    [6.93, 22.48, 35.77, 41.54, 68.27, 17.52, 21.71, 51.02, 41.32, 46.44, 45.27, 60.29, 42.21, 0, 40.04],
    [39.64, 17.69, 75.37, 60.98, 90.64, 52.86, 60.57, 91.04, 61.14, 47.92, 85.31, 99.39, 81.14, 40.04, 0],
]
