# Caso generado aleatoriamente  n=50  k=3  b=4  D=30.0  seed=5
# Coordenadas: A1=(62.3,74.2)  A2=(79.5,94.2)  A3=(74.0,92.2)  A4=(2.9,46.6)  A5=(94.3,64.9)  A6=(90.1,11.3)  A7=(46.9,24.7)  A8=(54.4,57.4)  A9=(1.3,21.7)  A10=(27.9,91.6)  A11=(76.6,16.0)  A12=(79.7,13.9)  A13=(61.7,12.7)  A14=(0.2,87.1)  A15=(20.9,21.5)  A16=(98.2,87.2)  A17=(28.9,96.1)  A18=(53.9,67.8)  A19=(20.5,94.1)  A20=(69.1,96.7)  A21=(89.4,29.9)  A22=(36.1,16.6)  A23=(14.6,6.5)  A24=(30.1,60.3)  A25=(0.3,67.8)  A26=(33.8,31.0)  A27=(81.9,48.1)  A28=(31.6,48.1)  A29=(70.5,5.7)  A30=(97.5,2.3)  A31=(75.0,84.5)  A32=(1.8,78.8)  A33=(36.6,57.9)  A34=(0.9,4.7)  A35=(18.1,95.5)  A36=(19.7,75.6)  A37=(93.0,94.2)  A38=(34.4,35.5)  A39=(52.5,77.6)  A40=(10.8,74.8)  A41=(79.7,86.0)  A42=(3.7,94.6)  A43=(9.1,34.1)  A44=(61.1,91.8)  A45=(34.0,92.4)  A46=(54.5,31.2)  A47=(31.7,17.7)  A48=(7.8,14.9)  A49=(68.9,99.7)  A50=(16.2,4.9)

D = 30.0
k = 3
b = 4

distancias = [
    [0, 26.45, 21.51, 65.5, 33.36, 68.73, 51.86, 18.56, 80.47, 38.52, 59.94, 62.77, 61.51, 63.45, 66.93, 38.25, 39.94, 10.53, 46.31, 23.48, 51.92, 63.25, 82.8, 35.02, 62.28, 51.74, 32.62, 40.28, 68.97, 80.06, 16.35, 60.66, 30.42, 92.73, 49.08, 42.66, 36.63, 47.68, 10.39, 51.49, 21.05, 62.08, 66.6, 17.67, 33.66, 43.63, 64.2, 80.51, 26.34, 83.27],
    [26.45, 0, 5.88, 90.24, 32.88, 83.6, 76.85, 44.61, 106.69, 51.64, 78.34, 80.37, 83.49, 79.66, 93.36, 19.99, 50.62, 36.82, 59.04, 10.73, 65.12, 88.96, 109.16, 59.92, 83.48, 78.05, 46.23, 66.53, 89.01, 93.7, 10.76, 79.24, 56.26, 119.18, 61.44, 62.71, 13.45, 74.07, 31.78, 71.4, 8.28, 75.86, 92.61, 18.6, 45.56, 67.78, 90.22, 106.95, 11.91, 109.57],
    [21.51, 5.88, 0, 84.5, 34.08, 82.5, 72.8, 39.98, 101.3, 46.05, 76.32, 78.56, 80.5, 73.99, 88.37, 24.76, 45.23, 31.63, 53.54, 6.62, 64.22, 84.59, 104.3, 54.24, 77.6, 73.25, 44.85, 61.19, 86.6, 92.97, 7.81, 73.43, 50.78, 114.05, 55.99, 56.83, 19.08, 69.18, 26.05, 65.53, 8.49, 70.37, 87.12, 12.91, 39.99, 64.02, 85.66, 101.79, 9.0, 104.79],
    [65.5, 90.24, 84.5, 0, 93.26, 94.04, 49.16, 52.6, 24.94, 51.56, 79.77, 83.48, 67.91, 40.67, 30.84, 103.66, 56.0, 55.26, 50.68, 82.99, 88.07, 44.74, 41.71, 30.51, 21.39, 34.59, 78.97, 28.72, 78.96, 104.46, 81.45, 32.23, 35.56, 41.94, 51.26, 33.5, 101.89, 33.43, 58.46, 29.36, 86.34, 48.02, 13.95, 73.7, 55.41, 53.84, 40.73, 32.06, 84.73, 43.76],
    [33.36, 32.88, 34.08, 93.26, 0, 53.74, 62.2, 40.66, 102.58, 71.57, 52.06, 53.07, 61.56, 96.75, 85.24, 22.68, 72.49, 40.52, 79.42, 40.59, 35.37, 75.65, 98.85, 64.36, 94.04, 69.39, 20.95, 64.96, 63.83, 62.69, 27.54, 93.56, 58.15, 111.16, 82.16, 75.44, 29.34, 66.73, 43.74, 84.12, 25.64, 95.41, 90.62, 42.78, 66.32, 52.14, 78.41, 99.93, 43.07, 98.58],
    [68.73, 83.6, 82.5, 94.04, 53.74, 0, 45.2, 58.29, 89.38, 101.55, 14.29, 10.69, 28.38, 117.61, 69.9, 76.36, 104.58, 67.05, 108.16, 87.89, 18.57, 54.23, 75.67, 77.42, 106.04, 59.64, 37.67, 69.12, 20.41, 11.69, 74.71, 111.1, 70.88, 89.43, 110.78, 95.34, 82.93, 60.67, 76.18, 101.59, 75.37, 120.01, 84.11, 85.56, 98.61, 40.78, 58.76, 82.35, 90.85, 74.22],
    [51.86, 76.85, 72.8, 49.16, 62.2, 45.2, 0, 33.58, 45.69, 69.61, 30.91, 34.53, 19.08, 78.02, 26.15, 80.94, 73.72, 43.69, 74.3, 75.33, 42.79, 13.47, 37.08, 39.4, 63.48, 14.57, 42.07, 28.03, 30.24, 55.33, 66.09, 70.45, 34.75, 50.15, 76.5, 57.75, 83.42, 16.51, 53.19, 61.82, 69.54, 82.21, 38.94, 68.63, 68.98, 10.06, 16.72, 40.29, 78.18, 36.58],
    [18.56, 44.61, 39.98, 52.6, 40.66, 58.29, 33.58, 0, 63.97, 43.25, 47.0, 50.36, 45.33, 61.83, 49.02, 53.06, 46.36, 10.4, 49.96, 41.92, 44.52, 44.7, 64.6, 24.42, 55.03, 33.48, 29.01, 24.61, 54.14, 69.98, 34.04, 56.75, 17.76, 75.09, 52.63, 39.19, 53.33, 29.63, 20.26, 46.93, 38.2, 62.89, 50.91, 35.06, 40.52, 26.15, 45.68, 63.04, 44.71, 64.97],
    [80.47, 106.69, 101.3, 24.94, 102.58, 89.38, 45.69, 63.97, 0, 74.86, 75.48, 78.79, 61.1, 65.48, 19.63, 117.02, 79.43, 69.96, 74.92, 101.06, 88.44, 35.18, 20.14, 48.21, 46.13, 33.79, 84.76, 40.2, 70.98, 98.13, 96.81, 57.1, 50.55, 17.01, 75.73, 56.94, 116.88, 35.89, 75.77, 54.01, 101.4, 72.94, 14.65, 92.15, 77.93, 54.06, 30.62, 9.4, 103.22, 22.43],
    [38.52, 51.64, 46.05, 51.56, 71.57, 101.55, 69.61, 43.25, 74.86, 0, 89.95, 93.41, 85.89, 28.13, 70.44, 70.43, 4.62, 35.26, 7.87, 41.42, 87.1, 75.48, 86.17, 31.4, 36.48, 60.92, 69.3, 43.66, 95.88, 113.23, 47.57, 29.13, 34.88, 91.07, 10.59, 18.08, 65.07, 56.53, 28.27, 24.0, 52.08, 24.46, 60.56, 33.13, 6.1, 65.97, 73.98, 79.34, 41.75, 87.58],
    [59.94, 78.34, 76.32, 79.77, 52.06, 14.29, 30.91, 47.0, 75.48, 89.95, 0, 3.77, 15.19, 104.42, 55.91, 74.5, 93.27, 56.56, 96.19, 81.04, 18.91, 40.46, 62.72, 64.21, 92.19, 45.35, 32.55, 55.31, 11.94, 25.01, 68.55, 97.65, 57.89, 76.5, 98.74, 82.42, 79.94, 46.44, 66.15, 88.27, 70.08, 107.22, 69.84, 77.41, 87.51, 26.84, 44.93, 68.76, 84.06, 61.43],
    [62.77, 80.37, 78.56, 83.48, 53.07, 10.69, 34.53, 50.36, 78.79, 93.41, 3.77, 0, 18.01, 108.14, 59.27, 75.67, 96.68, 59.76, 99.72, 83.46, 18.69, 43.68, 65.56, 67.93, 95.96, 49.01, 34.26, 59.07, 12.34, 21.24, 70.77, 101.4, 61.57, 79.34, 102.29, 86.1, 81.41, 50.17, 69.27, 92.01, 72.09, 110.89, 73.43, 80.13, 90.88, 30.61, 48.19, 71.9, 86.47, 64.2],
    [61.51, 83.49, 80.5, 67.91, 61.56, 28.38, 19.08, 45.33, 61.1, 85.89, 15.19, 18.01, 0, 96.63, 41.75, 83.02, 89.7, 55.67, 91.29, 84.3, 32.55, 25.93, 47.58, 57.17, 82.52, 33.43, 40.72, 46.55, 11.16, 37.24, 73.03, 89.23, 51.7, 61.36, 93.65, 75.69, 87.31, 35.58, 65.55, 80.37, 75.47, 100.41, 56.81, 79.14, 84.44, 19.93, 30.49, 53.97, 87.3, 46.26],
    [63.45, 79.66, 73.99, 40.67, 96.75, 117.61, 78.02, 61.83, 65.48, 28.13, 104.42, 108.14, 96.63, 0, 68.8, 98.06, 30.13, 57.12, 21.46, 69.54, 105.99, 79.17, 81.9, 40.22, 19.35, 65.44, 90.54, 50.09, 107.58, 129.13, 74.85, 8.52, 46.75, 82.47, 19.78, 22.65, 93.06, 61.99, 53.16, 16.26, 79.55, 8.22, 53.81, 61.08, 34.23, 77.95, 76.21, 72.66, 69.87, 83.82],
    [66.93, 93.36, 88.37, 30.84, 85.24, 69.9, 26.15, 49.02, 19.63, 70.44, 55.91, 59.27, 41.75, 68.8, 0, 101.44, 75.03, 56.79, 72.55, 89.2, 68.93, 15.96, 16.33, 39.84, 50.63, 15.94, 66.43, 28.62, 52.0, 78.95, 82.95, 60.34, 39.54, 26.2, 74.02, 54.04, 102.3, 19.39, 64.27, 54.25, 87.21, 75.05, 17.23, 80.92, 72.06, 34.94, 11.39, 14.72, 91.68, 17.37],
    [38.25, 19.99, 24.76, 103.66, 22.68, 76.36, 80.94, 53.06, 117.02, 70.43, 74.5, 75.67, 83.02, 98.06, 101.44, 0, 69.88, 48.4, 78.07, 30.66, 58.04, 94.07, 116.27, 73.24, 99.82, 85.54, 42.46, 77.29, 86.14, 84.96, 23.42, 96.81, 68.27, 127.64, 80.58, 79.45, 8.74, 82.16, 46.78, 88.31, 18.56, 94.86, 103.78, 37.44, 64.45, 71.05, 96.23, 115.81, 31.85, 116.3],
    [39.94, 50.62, 45.23, 56.0, 72.49, 104.58, 73.72, 46.36, 79.43, 4.62, 93.27, 96.68, 89.7, 30.13, 75.03, 69.88, 0, 37.8, 8.7, 40.14, 89.69, 79.88, 90.78, 35.86, 40.27, 65.33, 71.5, 48.1, 99.53, 116.25, 47.5, 32.21, 39.06, 95.67, 10.86, 22.57, 64.06, 60.92, 29.99, 27.97, 51.8, 25.32, 65.16, 32.44, 6.29, 69.76, 78.45, 83.96, 40.14, 92.18],
    [10.53, 36.82, 31.63, 55.26, 40.52, 67.05, 43.69, 10.4, 69.96, 35.26, 56.56, 59.76, 55.67, 57.12, 56.79, 48.4, 37.8, 0, 42.56, 32.6, 51.9, 54.2, 72.82, 24.93, 53.58, 41.94, 34.18, 29.76, 64.25, 78.67, 26.88, 53.26, 19.95, 82.42, 45.31, 35.14, 47.14, 37.72, 9.88, 43.69, 31.57, 56.96, 56.07, 25.07, 31.69, 36.54, 54.76, 70.17, 35.24, 73.39],
    [46.31, 59.04, 53.54, 50.68, 79.42, 108.16, 74.3, 49.96, 74.92, 7.87, 96.19, 99.72, 91.29, 21.46, 72.55, 78.07, 8.7, 42.56, 0, 48.65, 94.18, 79.06, 87.78, 35.14, 33.13, 64.49, 76.71, 47.3, 101.55, 119.85, 55.34, 24.15, 39.68, 91.54, 2.78, 18.54, 72.49, 60.26, 36.01, 21.55, 59.8, 16.82, 61.09, 40.67, 13.62, 71.48, 77.17, 80.22, 48.76, 89.35],
    [23.48, 10.73, 6.62, 82.99, 40.59, 87.89, 75.33, 41.92, 101.06, 41.42, 81.04, 83.46, 84.3, 69.54, 89.2, 30.66, 40.14, 32.6, 48.65, 0, 69.8, 86.57, 105.33, 53.26, 74.54, 74.54, 50.24, 61.32, 90.97, 98.56, 13.53, 69.59, 50.58, 114.48, 50.98, 53.72, 24.03, 70.3, 25.3, 62.21, 15.09, 65.43, 86.66, 9.34, 35.32, 67.01, 87.32, 102.16, 3.02, 105.96],
    [51.92, 65.12, 64.22, 88.07, 35.37, 18.57, 42.79, 44.52, 88.44, 87.1, 18.91, 18.69, 32.55, 105.99, 68.93, 58.04, 89.69, 51.9, 94.18, 69.8, 0, 54.89, 78.37, 66.6, 96.77, 55.6, 19.69, 60.61, 30.69, 28.77, 56.47, 100.29, 59.71, 91.99, 96.9, 83.36, 64.43, 55.22, 60.29, 90.52, 56.91, 107.39, 80.37, 68.09, 83.54, 34.89, 58.96, 82.92, 72.73, 77.38],
    [63.25, 88.96, 84.59, 44.74, 75.65, 54.23, 13.47, 44.7, 35.18, 75.48, 40.46, 43.68, 25.93, 79.17, 15.96, 94.07, 79.88, 54.2, 79.06, 86.57, 54.89, 0, 23.79, 44.12, 62.46, 14.59, 55.52, 31.85, 36.03, 63.04, 78.23, 71.02, 41.26, 37.18, 80.96, 61.23, 96.2, 18.96, 63.12, 63.51, 81.94, 84.47, 32.16, 79.25, 75.85, 23.52, 4.59, 28.35, 89.32, 23.16],
    [82.8, 109.16, 104.3, 41.71, 98.85, 75.67, 37.08, 64.6, 20.14, 86.17, 62.72, 65.56, 47.58, 81.9, 16.33, 116.27, 90.78, 72.82, 87.78, 105.33, 78.37, 23.79, 0, 56.0, 62.91, 31.12, 79.08, 44.95, 55.9, 83.05, 98.64, 73.38, 55.87, 13.79, 89.07, 69.25, 117.62, 35.12, 80.52, 68.43, 102.75, 88.74, 28.09, 97.15, 88.07, 46.98, 20.47, 10.76, 107.85, 2.29],
    [35.02, 59.92, 54.24, 30.51, 64.36, 77.42, 39.4, 24.42, 48.21, 31.4, 64.21, 67.93, 57.17, 40.22, 39.84, 73.24, 35.86, 24.93, 35.14, 53.26, 66.6, 44.12, 56.0, 0, 30.72, 29.54, 53.14, 12.27, 67.89, 88.92, 50.95, 33.81, 6.93, 62.85, 37.21, 18.52, 71.39, 25.2, 28.22, 24.18, 55.83, 43.3, 33.62, 44.16, 32.34, 37.94, 42.59, 50.61, 55.26, 57.19],
    [62.28, 83.48, 77.6, 21.39, 94.04, 106.04, 63.48, 55.03, 46.13, 36.48, 92.19, 95.96, 82.52, 19.35, 50.63, 99.82, 40.27, 53.58, 33.13, 74.54, 96.77, 62.46, 62.91, 30.72, 0, 49.73, 83.86, 36.92, 93.67, 117.19, 76.49, 11.08, 37.62, 63.12, 32.92, 20.82, 96.32, 46.98, 53.04, 12.62, 81.44, 26.99, 34.84, 65.32, 41.7, 65.35, 59.05, 53.43, 75.63, 64.89],
    [51.74, 78.05, 73.25, 34.59, 69.39, 59.64, 14.57, 33.48, 33.79, 60.92, 45.35, 49.01, 33.43, 65.44, 15.94, 85.54, 65.33, 41.94, 64.49, 74.54, 55.6, 14.59, 31.12, 29.54, 49.73, 0, 51.01, 17.27, 44.55, 69.89, 67.51, 57.49, 27.0, 42.12, 66.4, 46.77, 86.59, 4.53, 50.17, 49.5, 71.64, 70.36, 24.86, 66.66, 61.42, 20.73, 13.41, 30.56, 77.14, 31.53],
    [32.62, 46.23, 44.85, 78.97, 20.95, 37.67, 42.07, 29.01, 84.76, 69.3, 32.55, 34.26, 40.72, 90.54, 66.43, 42.46, 71.5, 34.18, 76.71, 50.24, 19.69, 55.52, 79.08, 53.14, 83.86, 51.01, 0, 50.27, 43.88, 48.39, 37.06, 85.73, 46.28, 91.85, 79.47, 68.01, 47.45, 49.06, 41.63, 75.92, 37.95, 90.97, 74.07, 48.42, 65.24, 32.1, 58.63, 81.13, 53.19, 78.64],
    [40.28, 66.53, 61.19, 28.72, 64.96, 69.12, 28.03, 24.61, 40.2, 43.66, 55.31, 59.07, 46.55, 50.09, 28.62, 77.29, 48.1, 29.76, 47.3, 61.32, 60.61, 31.85, 44.95, 12.27, 36.92, 17.27, 50.27, 0, 57.55, 80.3, 56.62, 42.73, 10.96, 53.18, 49.28, 29.93, 76.76, 12.96, 36.1, 33.84, 61.24, 54.2, 26.49, 52.72, 44.36, 28.48, 30.37, 40.85, 63.65, 45.93],
    [68.97, 89.01, 86.6, 78.96, 63.83, 20.41, 30.24, 54.14, 70.98, 95.88, 11.94, 12.34, 11.16, 107.58, 52.0, 86.14, 99.53, 64.25, 101.55, 90.97, 30.69, 36.03, 55.9, 67.89, 93.67, 44.55, 43.88, 57.55, 0, 27.26, 78.92, 100.27, 62.17, 69.57, 103.97, 86.4, 91.32, 46.74, 74.08, 91.32, 80.8, 111.19, 67.59, 86.62, 94.08, 30.12, 40.61, 63.32, 93.99, 54.32],
    [80.06, 93.7, 92.97, 104.46, 62.69, 11.69, 55.33, 69.98, 98.13, 113.23, 25.01, 21.24, 37.24, 129.13, 78.95, 84.96, 116.25, 78.67, 119.85, 98.56, 28.77, 63.04, 83.05, 88.92, 117.19, 69.89, 48.39, 80.3, 27.26, 0, 85.23, 122.51, 82.43, 96.63, 122.47, 106.92, 92.03, 71.27, 87.72, 113.06, 85.55, 131.63, 93.93, 96.65, 110.26, 51.84, 67.62, 90.57, 101.5, 81.4],
    [16.35, 10.76, 7.81, 81.45, 27.54, 74.71, 66.09, 34.04, 96.81, 47.57, 68.55, 70.77, 73.03, 74.85, 82.95, 23.42, 47.5, 26.88, 55.34, 13.53, 56.47, 78.23, 98.64, 50.95, 76.49, 67.51, 37.06, 56.62, 78.92, 85.23, 0, 73.4, 46.7, 108.89, 57.95, 56.04, 20.44, 63.6, 23.55, 64.9, 4.97, 72.03, 82.94, 15.71, 41.74, 57.04, 79.56, 96.72, 16.35, 99.0],
    [60.66, 79.24, 73.43, 32.23, 93.56, 111.1, 70.45, 56.75, 57.1, 29.13, 97.65, 101.4, 89.23, 8.52, 60.34, 96.81, 32.21, 53.26, 24.15, 69.59, 100.29, 71.02, 73.38, 33.81, 11.08, 57.49, 85.73, 42.73, 100.27, 122.51, 73.4, 0, 40.62, 74.11, 23.36, 18.13, 92.46, 54.21, 50.68, 9.82, 78.25, 15.91, 45.29, 60.69, 34.96, 70.97, 67.95, 64.17, 70.29, 75.3],
    [30.42, 56.26, 50.78, 35.56, 58.15, 70.88, 34.75, 17.76, 50.55, 34.88, 57.89, 61.57, 51.7, 46.75, 39.54, 68.27, 39.06, 19.95, 39.68, 50.58, 59.71, 41.26, 55.87, 6.93, 37.62, 27.0, 46.28, 10.96, 62.17, 82.43, 46.7, 40.62, 0, 64.06, 41.98, 24.53, 67.06, 22.48, 25.29, 30.9, 51.46, 49.35, 36.35, 41.85, 34.67, 32.07, 40.41, 51.72, 52.84, 56.81],
    [92.73, 119.18, 114.05, 41.94, 111.16, 89.43, 50.15, 75.09, 17.01, 91.07, 76.5, 79.34, 61.36, 82.47, 26.2, 127.64, 95.67, 82.42, 91.54, 114.48, 91.99, 37.18, 13.79, 62.85, 63.12, 42.12, 91.85, 53.18, 69.57, 96.63, 108.89, 74.11, 64.06, 0, 92.46, 73.34, 128.42, 45.53, 89.28, 70.86, 113.23, 89.95, 30.53, 105.89, 93.78, 59.83, 33.43, 12.33, 116.83, 15.25],
    [49.08, 61.44, 55.99, 51.26, 82.16, 110.78, 76.5, 52.63, 75.73, 10.59, 98.74, 102.29, 93.65, 19.78, 74.02, 80.58, 10.86, 45.31, 2.78, 50.98, 96.9, 80.96, 89.07, 37.21, 32.92, 66.4, 79.47, 49.28, 103.97, 122.47, 57.95, 23.36, 41.98, 92.46, 0, 20.01, 74.89, 62.22, 38.79, 21.92, 62.37, 14.46, 62.1, 43.15, 16.2, 73.88, 78.95, 81.28, 51.0, 90.68],
    [42.66, 62.71, 56.83, 33.5, 75.44, 95.34, 57.75, 39.19, 56.94, 18.08, 82.42, 86.1, 75.69, 22.65, 54.04, 79.45, 22.57, 35.14, 18.54, 53.72, 83.36, 61.23, 69.25, 18.52, 20.82, 46.77, 68.01, 29.93, 86.4, 106.92, 56.04, 18.13, 24.53, 73.34, 20.01, 0, 75.64, 42.73, 32.88, 8.88, 60.96, 24.84, 42.82, 44.5, 22.13, 56.4, 59.06, 61.83, 54.84, 70.8],
    [36.63, 13.45, 19.08, 101.89, 29.34, 82.93, 83.42, 53.33, 116.88, 65.07, 79.94, 81.41, 87.31, 93.06, 102.3, 8.74, 64.06, 47.14, 72.49, 24.03, 64.43, 96.2, 117.62, 71.39, 96.32, 86.59, 47.45, 76.76, 91.32, 92.03, 20.44, 92.46, 67.06, 128.42, 74.89, 75.64, 0, 82.91, 43.78, 84.41, 15.59, 89.3, 103.18, 31.97, 59.0, 73.77, 97.99, 116.37, 24.66, 117.83],
    [47.68, 74.07, 69.18, 33.43, 66.73, 60.67, 16.51, 29.63, 35.89, 56.53, 46.44, 50.17, 35.58, 61.99, 19.39, 82.16, 60.92, 37.72, 60.26, 70.3, 55.22, 18.96, 35.12, 25.2, 46.98, 4.53, 49.06, 12.96, 46.74, 71.27, 63.6, 54.21, 22.48, 45.53, 62.22, 42.73, 82.91, 0, 45.78, 45.91, 67.82, 66.63, 25.36, 62.31, 56.94, 20.52, 17.94, 33.65, 72.87, 35.67],
    [10.39, 31.78, 26.05, 58.46, 43.74, 76.18, 53.19, 20.26, 75.77, 28.27, 66.15, 69.27, 65.55, 53.16, 64.27, 46.78, 29.99, 9.88, 36.01, 25.3, 60.29, 63.12, 80.52, 28.22, 53.04, 50.17, 41.63, 36.1, 74.08, 87.72, 23.55, 50.68, 25.29, 89.28, 38.79, 32.88, 43.78, 45.78, 0, 41.75, 28.52, 51.69, 61.4, 16.65, 23.71, 46.36, 63.32, 76.95, 27.56, 81.27],
    [51.49, 71.4, 65.53, 29.36, 84.12, 101.59, 61.82, 46.93, 54.01, 24.0, 88.27, 92.01, 80.37, 16.26, 54.25, 88.31, 27.97, 43.69, 21.55, 62.21, 90.52, 63.51, 68.43, 24.18, 12.62, 49.5, 75.92, 33.84, 91.32, 113.06, 64.9, 9.82, 30.9, 70.86, 21.92, 8.88, 84.41, 45.91, 41.75, 0, 69.81, 20.99, 40.8, 53.06, 29.1, 61.73, 60.79, 60.03, 63.2, 70.19],
    [21.05, 8.28, 8.49, 86.34, 25.64, 75.37, 69.54, 38.2, 101.4, 52.08, 70.08, 72.09, 75.47, 79.55, 87.21, 18.56, 51.8, 31.57, 59.8, 15.09, 56.91, 81.94, 102.75, 55.83, 81.44, 71.64, 37.95, 61.24, 80.8, 85.55, 4.97, 78.25, 51.46, 113.23, 62.37, 60.96, 15.59, 67.82, 28.52, 69.81, 0, 76.55, 87.63, 19.53, 46.18, 60.25, 83.44, 101.11, 17.45, 103.06],
    [62.08, 75.86, 70.37, 48.02, 95.41, 120.01, 82.21, 62.89, 72.94, 24.46, 107.22, 110.89, 100.41, 8.22, 75.05, 94.86, 25.32, 56.96, 16.82, 65.43, 107.39, 84.47, 88.74, 43.3, 26.99, 70.36, 90.97, 54.2, 111.19, 131.63, 72.03, 15.91, 49.35, 89.95, 14.46, 24.84, 89.3, 66.63, 51.69, 20.99, 76.55, 0, 60.75, 57.49, 30.41, 81.22, 81.78, 79.8, 65.45, 90.59],
    [66.6, 92.61, 87.12, 13.95, 90.62, 84.11, 38.94, 50.91, 14.65, 60.56, 69.84, 73.43, 56.81, 53.81, 17.23, 103.78, 65.16, 56.07, 61.09, 86.66, 80.37, 32.16, 28.09, 33.62, 34.84, 24.86, 74.07, 26.49, 67.59, 93.93, 82.94, 45.29, 36.35, 30.53, 62.1, 42.82, 103.18, 25.36, 61.4, 40.8, 87.63, 60.75, 0, 77.68, 63.43, 45.48, 27.85, 19.23, 88.76, 30.05],
    [17.67, 18.6, 12.91, 73.7, 42.78, 85.56, 68.63, 35.06, 92.15, 33.13, 77.41, 80.13, 79.14, 61.08, 80.92, 37.44, 32.44, 25.07, 40.67, 9.34, 68.09, 79.25, 97.15, 44.16, 65.32, 66.66, 48.42, 52.72, 86.62, 96.65, 15.71, 60.69, 41.85, 105.89, 43.15, 44.5, 31.97, 62.31, 16.65, 53.06, 19.53, 57.49, 77.68, 0, 27.09, 60.92, 79.68, 93.56, 11.1, 97.88],
    [33.66, 45.56, 39.99, 55.41, 66.32, 98.61, 68.98, 40.52, 77.93, 6.1, 87.51, 90.88, 84.44, 34.23, 72.06, 64.45, 6.29, 31.69, 13.62, 35.32, 83.54, 75.85, 88.07, 32.34, 41.7, 61.42, 65.24, 44.36, 94.08, 110.26, 41.74, 34.96, 34.67, 93.78, 16.2, 22.13, 59.0, 56.94, 23.71, 29.1, 46.18, 30.41, 63.43, 27.09, 0, 64.52, 74.71, 81.83, 35.67, 89.36],
    [43.63, 67.78, 64.02, 53.84, 52.14, 40.78, 10.06, 26.15, 54.06, 65.97, 26.84, 30.61, 19.93, 77.95, 34.94, 71.05, 69.76, 36.54, 71.48, 67.01, 34.89, 23.52, 46.98, 37.94, 65.35, 20.73, 32.1, 28.48, 30.12, 51.84, 57.04, 70.97, 32.07, 59.83, 73.88, 56.4, 73.77, 20.52, 46.36, 61.73, 60.25, 81.22, 45.48, 60.92, 64.52, 0, 26.53, 49.48, 69.93, 46.56],
    [64.2, 90.22, 85.66, 40.73, 78.41, 58.76, 16.72, 45.68, 30.62, 73.98, 44.93, 48.19, 30.49, 76.21, 11.39, 96.23, 78.45, 54.76, 77.17, 87.32, 58.96, 4.59, 20.47, 42.59, 59.05, 13.41, 58.63, 30.37, 40.61, 67.62, 79.56, 67.95, 40.41, 33.43, 78.95, 59.06, 97.99, 17.94, 63.32, 60.79, 83.44, 81.78, 27.85, 79.68, 74.71, 26.53, 0, 24.03, 89.99, 20.18],
    [80.51, 106.95, 101.79, 32.06, 99.93, 82.35, 40.29, 63.04, 9.4, 79.34, 68.76, 71.9, 53.97, 72.66, 14.72, 115.81, 83.96, 70.17, 80.22, 102.16, 82.92, 28.35, 10.76, 50.61, 53.43, 30.56, 81.13, 40.85, 63.32, 90.57, 96.72, 64.17, 51.72, 12.33, 81.28, 61.83, 116.37, 33.65, 76.95, 60.03, 101.11, 79.8, 19.23, 93.56, 81.83, 49.48, 24.03, 0, 104.51, 13.04],
    [26.34, 11.91, 9.0, 84.73, 43.07, 90.85, 78.18, 44.71, 103.22, 41.75, 84.06, 86.47, 87.3, 69.87, 91.68, 31.85, 40.14, 35.24, 48.76, 3.02, 72.73, 89.32, 107.85, 55.26, 75.63, 77.14, 53.19, 63.65, 93.99, 101.5, 16.35, 70.29, 52.84, 116.83, 51.0, 54.84, 24.66, 72.87, 27.56, 63.2, 17.45, 65.45, 88.76, 11.1, 35.67, 69.93, 89.99, 104.51, 0, 108.51],
    [83.27, 109.57, 104.79, 43.76, 98.58, 74.22, 36.58, 64.97, 22.43, 87.58, 61.43, 64.2, 46.26, 83.82, 17.37, 116.3, 92.18, 73.39, 89.35, 105.96, 77.38, 23.16, 2.29, 57.19, 64.89, 31.53, 78.64, 45.93, 54.32, 81.4, 99.0, 75.3, 56.81, 15.25, 90.68, 70.8, 117.83, 35.67, 81.27, 70.19, 103.06, 90.59, 30.05, 97.88, 89.36, 46.56, 20.18, 13.04, 108.51, 0],
]
