# Caso generado aleatoriamente  n=6  k=2  b=2  D=40.0  seed=42
# Coordenadas: A1=(63.9,2.5)  A2=(27.5,22.3)  A3=(73.6,67.7)  A4=(89.2,8.7)  A5=(42.2,3.0)  A6=(21.9,50.5)
# ADVERTENCIA: la antena con menos vecinos tiene 0 (necesita k=2).
# Probablemente no tenga solución. Aumentá D o reducí k.

D = 40.0
k = 2
b = 2

distancias = [
    [0, 41.48, 65.89, 26.02, 21.76, 63.86],
    [41.48, 0, 64.7, 63.2, 24.29, 28.77],
    [65.89, 64.7, 0, 61.0, 71.93, 54.54],
    [26.02, 63.2, 61.0, 0, 47.37, 79.29],
    [21.76, 24.29, 71.93, 47.37, 0, 51.72],
    [63.86, 28.77, 54.54, 79.29, 51.72, 0],
]
