# Caso generado aleatoriamente  n=10  k=3  b=4  D=40.0  seed=42
# Coordenadas: A1=(63.9,2.5)  A2=(27.5,22.3)  A3=(73.6,67.7)  A4=(89.2,8.7)  A5=(42.2,3.0)  A6=(21.9,50.5)  A7=(2.7,19.9)  A8=(65.0,54.5)  A9=(22.0,58.9)  A10=(80.9,0.6)
# ADVERTENCIA: la antena con menos vecinos tiene 1 (necesita k=3).
# Probablemente no tenga solución. Aumentá D o reducí k.

D = 40.0
k = 3
b = 4

distancias = [
    [0, 41.48, 65.89, 26.02, 21.76, 63.86, 63.71, 52.0, 70.28, 17.1],
    [41.48, 0, 64.7, 63.2, 24.29, 28.77, 24.97, 49.4, 37.01, 57.67],
    [65.89, 64.7, 0, 61.0, 71.93, 54.54, 85.58, 15.77, 52.34, 67.42],
    [26.02, 63.2, 61.0, 0, 47.37, 79.29, 87.28, 51.81, 83.88, 11.54],
    [21.76, 24.29, 71.93, 47.37, 0, 51.72, 43.0, 56.33, 59.46, 38.82],
    [63.86, 28.77, 54.54, 79.29, 51.72, 0, 36.17, 43.31, 8.39, 77.32],
    [63.71, 24.97, 85.58, 87.28, 43.0, 36.17, 0, 71.3, 43.59, 80.62],
    [52.0, 49.4, 15.77, 51.81, 56.33, 43.31, 71.3, 0, 43.17, 56.16],
    [70.28, 37.01, 52.34, 83.88, 59.46, 8.39, 43.59, 43.17, 0, 82.86],
    [17.1, 57.67, 67.42, 11.54, 38.82, 77.32, 80.62, 56.16, 82.86, 0],
]
