# Caso generado aleatoriamente  n=10  k=3  b=4  D=45.0  seed=7
# Coordenadas: A1=(32.4,15.1)  A2=(65.1,7.2)  A3=(53.6,36.6)  A4=(5.8,50.7)  A5=(3.7,43.4)  A6=(7.0,9.1)  A7=(42.5,82.7)  A8=(12.4,22.3)  A9=(62.7,94.8)  A10=(57.7,39.7)
# ADVERTENCIA: la antena con menos vecinos tiene 1 (necesita k=3).
# Probablemente no tenga solución. Aumentá D o reducí k.

D = 45.0
k = 3
b = 4

distancias = [
    [0, 33.64, 30.19, 44.48, 40.24, 26.1, 68.35, 21.27, 85.27, 35.3],
    [33.64, 0, 31.5, 73.54, 71.19, 58.14, 78.77, 54.83, 87.56, 33.25],
    [30.19, 31.5, 0, 49.85, 50.3, 54.11, 47.44, 43.6, 58.92, 5.16],
    [44.48, 73.54, 49.85, 0, 7.66, 41.69, 48.62, 29.17, 71.98, 53.08],
    [40.24, 71.19, 50.3, 7.66, 0, 34.45, 55.17, 22.74, 78.25, 54.09],
    [26.1, 58.14, 54.11, 41.69, 34.45, 0, 81.71, 14.31, 102.24, 59.24],
    [68.35, 78.77, 47.44, 48.62, 55.17, 81.71, 0, 67.44, 23.62, 45.64],
    [21.27, 54.83, 43.6, 29.17, 22.74, 14.31, 67.44, 0, 88.23, 48.53],
    [85.27, 87.56, 58.92, 71.98, 78.25, 102.24, 23.62, 88.23, 0, 55.33],
    [35.3, 33.25, 5.16, 53.08, 54.09, 59.24, 45.64, 48.53, 55.33, 0],
]
